birthday song:
0.904,1.350,1.790,2.520,3.352,4.286,6.078,6.559,6.952,7.718,8.479,9.367,11.103,11.514,11.920,12.855,13.784,14.687,15.319,16.703	,17.122,17.503,18.384,19.209,20.145

twinkle star:
0.261,0.725,1.391,2.046,2.736,3.325,4.084,5.197,5.941,6.550,7.254,7.957	,8.604,9.294

jingle bell:
0.830,1.190,1.600,2.456,2.878,3.335,4.190,4.655,5.088,5.497,5.946

we will rock you:
4.819,5.123,5.442,6.115,6.484,6.866,7.698,8.047,8.411,9.180,9.506,9.929

back in black:
2.377,3.073,3.476,3.752,4.452,4.809,5.117,5.759,6.458,7.127